 start 0 1 3 1577169824311
 start 1 0 4 1577169824311
 start 2 1 5 1577169824311
 start 3 0 6 1577169824311
 start 4 1 7 1577169824311
 start 5 0 8 1577169824311
 start 6 1 9 1577169824311
 start 8 14 9 1577169824311
 start 9 14 3 1577169824311
 start 10 14 4 1577169824311
 start 11 14 5 1577169824311
 start 12 14 6 1577169824311
 start 13 14 7 1577169824311
 start 14 14 8 1577169824311
 move 0 2 3 1577169824312
 move 2 2 5 1577169824312
 move 1 1 4 1577169824312
 move 3 1 6 1577169824312
 move 4 2 7 1577169824312
 move 5 1 8 1577169824312
 move 6 2 9 1577169824312
 move 9 13 3 1577169824312
 move 10 13 4 1577169824312
 move 11 13 5 1577169824312
 move 12 13 6 1577169824312
 move 13 13 7 1577169824312
 move 14 13 8 1577169824313
 move 8 13 9 1577169824313
 move 14 12 8 1577169824875
 move 0 3 3 1577169824880
 move 6 3 9 1577169824893
 move 2 3 5 1577169824899
 move 13 12 7 1577169824906
 move 1 2 4 1577169824919
 move 9 12 3 1577169824929
 move 8 12 9 1577169824934
 move 3 2 6 1577169824949
 move 4 3 7 1577169824949
 move 12 12 6 1577169824950
 move 5 2 8 1577169824958
 move 10 12 4 1577169824958
 move 11 12 5 1577169824965
 move 6 4 9 1577169825456
 move 13 11 7 1577169825469
 move 1 3 4 1577169825481
 move 0 4 3 1577169825487
 move 14 11 8 1577169825508
 move 9 11 3 1577169825520
 move 2 4 5 1577169825527
 move 3 3 6 1577169825531
 move 10 11 4 1577169825539
 move 8 11 9 1577169825545
 move 12 11 6 1577169825573
 move 4 4 7 1577169825600
 move 5 3 8 1577169825604
 move 11 11 5 1577169825617
 move 6 5 9 1577169826070
 move 13 10 7 1577169826095
 move 10 10 4 1577169826095
 move 0 5 3 1577169826108
 move 14 10 8 1577169826120
 move 9 10 3 1577169826126
 move 1 4 4 1577169826126
 move 8 10 9 1577169826126
 move 12 10 6 1577169826139
 move 2 5 5 1577169826154
 move 3 4 6 1577169826154
 move 5 4 8 1577169826175
 move 4 5 7 1577169826182
 move 11 10 5 1577169826185
 move 10 9 4 1577169826658
 move 14 9 8 1577169826678
 move 6 6 9 1577169826678
 move 13 9 7 1577169826692
 move 1 5 4 1577169826700
 move 9 9 3 1577169826729
 move 0 6 3 1577169826729
 move 2 6 5 1577169826730
 move 4 6 7 1577169826745
 move 3 5 6 1577169826747
 move 8 9 9 1577169826771
 move 12 9 6 1577169826792
 move 11 9 5 1577169826808
 move 5 5 8 1577169826827
 move 14 8 8 1577169827240
 move 10 8 4 1577169827293
 move 2 7 5 1577169827308
 move 6 7 9 1577169827321
 move 9 8 3 1577169827324
 move 1 6 4 1577169827332
 move 13 8 7 1577169827343
 move 8 8 9 1577169827358
 move 3 6 6 1577169827370
 move 4 7 7 1577169827370
 move 0 7 3 1577169827378
 move 5 6 8 1577169827404
 move 12 8 6 1577169827425
 move 11 8 5 1577169827437
 move 14 7 8 1577169827829
 addImage  7.5 5.0 1577169827881
 removeImage  7.5 5.0 1577169828006
 addImage  7.5 5.0 1577169828375
 removeImage  7.5 5.0 1577169828496
 move 12 7 6 1577169828825
 attack 9 8 3 die 1577169828825
 addImage  7.5 3.0 1577169828825
 removeImage  7.5 3.0 1577169828948
 addImage  7.5 9.0 1577169829331
 removeImage  7.5 9.0 1577169829453
 addImage  6.5 6.0 1577169829787
 removeImage  6.5 6.0 1577169829907
 attack 13 8 7 die 1577169830251
 addImage  7.5 7.0 1577169830251
 removeImage  7.5 7.0 1577169830377
 attack 14 7 8 die 1577169830714
 addImage  6.5 8.0 1577169830714
 removeImage  6.5 8.0 1577169830837
 move 1 7 4 1577169831156
 addImage  7.5 9.0 1577169831156
 removeImage  7.5 9.0 1577169831276
 addImage  7.5 4.0 1577169831665
 removeImage  7.5 4.0 1577169831790
 move 5 6 9 1577169832163
 addImage  7.5 4.0 1577169832163
 removeImage  7.5 4.0 1577169832288
 move 4 7 8 1577169832647
 addImage  6.5 6.0 1577169832647
 removeImage  6.5 6.0 1577169832771
 attack 6 7 9 die 1577169833166
 addImage  7.5 9.0 1577169833166
 removeImage  7.5 9.0 1577169833288
 move 0 6 3 1577169833618
 addImage  6.5 6.0 1577169833618
 removeImage  6.5 6.0 1577169833741
 addImage  7.5 5.0 1577169834080
 removeImage  7.5 5.0 1577169834204
 addImage  7.5 5.0 1577169834558
 removeImage  7.5 5.0 1577169834682
 addImage  6.5 6.0 1577169835039
 removeImage  6.5 6.0 1577169835163
 move 0 6 4 1577169835551
 move 8 7 9 1577169835551
 addImage  6.5 6.0 1577169835551
 removeImage  6.5 6.0 1577169835676
 move 4 6 8 1577169835984
 attack 10 8 4 die 1577169835984
 addImage  7.5 4.0 1577169835984
 removeImage  7.5 4.0 1577169836108
 attack 8 7 9 die 1577169836462
 addImage  6.5 9.0 1577169836462
 removeImage  6.5 9.0 1577169836588
 attack 12 7 6 die 1577169836927
 addImage  6.5 6.0 1577169836927
 removeImage  6.5 6.0 1577169837050
 move 4 5 8 1577169837419
 move 0 6 5 1577169837419
 addImage  7.5 5.0 1577169837419
 removeImage  7.5 5.0 1577169837540
 attack 2 7 5 die 1577169837870
 addImage  7.5 5.0 1577169837870
 removeImage  7.5 5.0 1577169838000
 move 0 7 5 1577169838360
 move 4 5 9 1577169838360
 move 3 6 7 1577169838360
 move 5 6 10 1577169838360
 move 1 6 4 1577169838360
 addImage  7.5 5.0 1577169838943
 removeImage  7.5 5.0 1577169839068
 attack 11 8 5 die 1577169839459
 addImage  7.5 5.0 1577169839459
 removeImage  7.5 5.0 1577169839583
